_viz_0 = nengo_gui.components.HTMLView(input_env)
_viz_config[_viz_0].label_visible = True
_viz_config[_viz_0].width = 0.29759774874454803
_viz_config[_viz_0].height = 0.7377535314032873
_viz_config[_viz_0].y = 0.9160093496063245
_viz_config[_viz_0].x = 0.5322191932845654
_viz_1 = nengo_gui.components.Slider(low_stim)
_viz_config[_viz_1].label_visible = True
_viz_config[_viz_1].width = 0.05874434967277405
_viz_config[_viz_1].x = 1.5621853065927185
_viz_config[_viz_1].y = 1.1097993149922434
_viz_config[_viz_1].max_value = 1
_viz_config[_viz_1].min_value = -1
_viz_config[_viz_1].height = 0.4911241311030488
_viz_net_graph = nengo_gui.components.NetGraph()
_viz_progress = nengo_gui.components.Progress()
_viz_config[_viz_progress].label_visible = True
_viz_config[_viz_progress].width = 100
_viz_config[_viz_progress].height = 100
_viz_config[_viz_progress].y = 0
_viz_config[_viz_progress].x = 0
_viz_sim_control = nengo_gui.components.SimControl()
_viz_config[_viz_sim_control].kept_time = 4.0
_viz_config[_viz_sim_control].shown_time = 0.5
_viz_config[basal_in_redis].pos=(1.1598298438371453, 0.164761107581959)
_viz_config[basal_in_redis].size=(0.28118538255917114, 0.10485115327581004)
_viz_config[basal_out_redis].pos=(-0.10550437767912496, 0.2535277677798198)
_viz_config[basal_out_redis].size=(0.28118538255917114, 0.07713935273747173)
_viz_config[central_in_redis].pos=(1.167037738153023, -0.2485462963099145)
_viz_config[central_in_redis].size=(0.28118538255917114, 0.10138717820851777)
_viz_config[central_out_redis].pos=(-0.10550437767912496, 0.7549335605733859)
_viz_config[central_out_redis].size=(0.28118538255917114, 0.07713935273747173)
_viz_config[input_env].pos=(1.157480316381799, 1.5340006062381473)
_viz_config[input_env].size=(0.28118538255917114, 0.07584920608254686)
_viz_config[lateral_in_redis].pos=(1.1574272123985194, 0.8636134792111844)
_viz_config[lateral_in_redis].size=(0.28118538255917114, 0.10138717820851773)
_viz_config[lateral_redis_basal].pos=(-0.10550437767912496, 0.5042306641766029)
_viz_config[lateral_redis_basal].size=(0.28118538255917114, 0.07713935273747173)
_viz_config[lateral_redis_central].pos=(-0.10550437767912496, -0.28644770138248243)
_viz_config[lateral_redis_central].size=(0.28118538255917114, 0.07713935273747173)
_viz_config[low_stim].pos=(-0.11137819631749038, 1.2653030183119207)
_viz_config[low_stim].size=(0.28118538255917114, 0.07713935273747172)
_viz_config[model].pos=(0.4712224155901262, 0.4902705078614603)
_viz_config[model].size=(0.45888679166088325, 0.45888679166088325)
_viz_config[model].expanded=True
_viz_config[model].has_layout=True
_viz_config[movement].pos=(1.1598298438371448, 0.5263112061320947)
_viz_config[movement].size=(0.28118538255917114, 0.09792320314122546)