_viz_config[RedisIn].pos=(0.12264150943396226, 0.5104166666666666)
_viz_config[RedisIn].size=(0.07547169811320754, 0.08333333333333333)
_viz_config[RedisOut].pos=(0.8584905660377359, 0.8124999999999999)
_viz_config[RedisOut].size=(0.07547169811320754, 0.08333333333333333)
_viz_0 = nengo_gui.components.Raster(basal)
_viz_config[_viz_0].n_neurons = 100
_viz_config[_viz_0].x = 0.35524697901208374
_viz_config[_viz_0].y = 0.5536897899519122
_viz_config[_viz_0].width = 0.11235955056179775
_viz_config[_viz_0].height = 0.35335689045936397
_viz_config[_viz_0].label_visible = True
_viz_1 = nengo_gui.components.Raster(basal)
_viz_config[_viz_1].n_neurons = 10
_viz_config[_viz_1].x = 0.5777188891244435
_viz_config[_viz_1].y = 0.6102268924254105
_viz_config[_viz_1].width = 0.3225806451612903
_viz_config[_viz_1].height = 0.35335689045936397
_viz_config[_viz_1].label_visible = True
_viz_net_graph = nengo_gui.components.NetGraph()
_viz_progress = nengo_gui.components.Progress()
_viz_config[_viz_progress].x = 0
_viz_config[_viz_progress].y = 0
_viz_config[_viz_progress].width = 100
_viz_config[_viz_progress].height = 100
_viz_config[_viz_progress].label_visible = True
_viz_sim_control = nengo_gui.components.SimControl()
_viz_config[_viz_sim_control].shown_time = 0.5
_viz_config[_viz_sim_control].kept_time = 4.0
_viz_config[basal].pos=(0.483379266482934, 0.5068774700642954)
_viz_config[basal].size=(0.09433962264150943, 0.10416666666666666)
_viz_config[cortex].pos=(0.8584905660377359, 0.20833333333333331)
_viz_config[cortex].size=(0.09433962264150943, 0.10416666666666666)
_viz_config[model].pos=(-0.0056179775280898875, 0.007078393204742523)
_viz_config[model].size=(1.0, 1.0)
_viz_config[model].expanded=True
_viz_config[model].has_layout=True