_viz_config[RedisIn].pos=(0.0915492957746479, 0.5598290598290598)
_viz_config[RedisIn].size=(0.05633802816901409, 0.03418803418803419)
_viz_config[RedisOut].pos=(0.6408450704225352, 0.44444444444444453)
_viz_config[RedisOut].size=(0.05633802816901409, 0.03418803418803419)
_viz_0 = nengo_gui.components.XYValue(basal)
_viz_config[_viz_0].max_value = 1
_viz_config[_viz_0].min_value = -1
_viz_config[_viz_0].index_x = 0
_viz_config[_viz_0].index_y = 1
_viz_config[_viz_0].x = 0.1986390191112053
_viz_config[_viz_0].y = 0.1666477878266951
_viz_config[_viz_0].width = 0.30508143594093556
_viz_config[_viz_0].height = 0.37452581786073125
_viz_config[_viz_0].label_visible = True
_viz_net_graph = nengo_gui.components.NetGraph()
_viz_progress = nengo_gui.components.Progress()
_viz_config[_viz_progress].x = 0
_viz_config[_viz_progress].y = 0
_viz_config[_viz_progress].width = 100
_viz_config[_viz_progress].height = 100
_viz_config[_viz_progress].label_visible = True
_viz_sim_control = nengo_gui.components.SimControl()
_viz_config[_viz_sim_control].shown_time = 0.5
_viz_config[_viz_sim_control].kept_time = 4.0
_viz_config[basal].pos=(0.3591549295774648, 0.5598290598290598)
_viz_config[basal].size=(0.05325198532296009, 0.3344356534632722)
_viz_config[cortex].pos=(0.6408450704225352, 0.1965811965811966)
_viz_config[cortex].size=(0.07042253521126761, 0.04273504273504274)
_viz_config[fpv_basal].pos=(0.6408450704225352, 0.9230769230769231)
_viz_config[fpv_basal].size=(0.05633802816901409, 0.03418803418803419)
_viz_config[fpv_cortex].pos=(0.9084507042253521, 0.3162393162393163)
_viz_config[fpv_cortex].size=(0.05633802816901409, 0.03418803418803419)
_viz_config[model].pos=(0.0875609176732769, 0.21072753603256233)
_viz_config[model].size=(0.7713210535693216, 0.7713210535693216)
_viz_config[model].expanded=True
_viz_config[model].has_layout=True