_viz_config[RedisIn].pos=(0.13950136191025306, 0.7639875220670839)
_viz_config[RedisIn].size=(0.07547169811320754, 0.08333333333333333)
_viz_config[RedisOut].pos=(0.8584905660377359, 0.8124999999999999)
_viz_config[RedisOut].size=(0.07547169811320754, 0.08333333333333333)
_viz_0 = nengo_gui.components.XYValue(basal)
_viz_config[_viz_0].max_value = 1
_viz_config[_viz_0].min_value = -1
_viz_config[_viz_0].index_x = 0
_viz_config[_viz_0].index_y = 1
_viz_config[_viz_0].x = 0.3926903575161522
_viz_config[_viz_0].y = 0.34149604398845596
_viz_config[_viz_0].width = 0.1613270416043667
_viz_config[_viz_0].height = 0.3653263656454589
_viz_config[_viz_0].label_visible = True
_viz_2 = nengo_gui.components.XYValue(RedisIn)
_viz_config[_viz_2].max_value = 1
_viz_config[_viz_2].min_value = -1
_viz_config[_viz_2].index_x = 0
_viz_config[_viz_2].index_y = 1
_viz_config[_viz_2].x = 0.03584873729077151
_viz_config[_viz_2].y = 0.362858054400625
_viz_config[_viz_2].width = 0.12526176414873363
_viz_config[_viz_2].height = 0.44304647319532636
_viz_config[_viz_2].label_visible = True
_viz_net_graph = nengo_gui.components.NetGraph()
_viz_progress = nengo_gui.components.Progress()
_viz_config[_viz_progress].x = 0
_viz_config[_viz_progress].y = 0
_viz_config[_viz_progress].width = 100
_viz_config[_viz_progress].height = 100
_viz_config[_viz_progress].label_visible = True
_viz_sim_control = nengo_gui.components.SimControl()
_viz_config[_viz_sim_control].shown_time = 0.5
_viz_config[_viz_sim_control].kept_time = 4.0
_viz_config[basal].pos=(0.49588444638845236, 0.7928753410367516)
_viz_config[basal].size=(0.09433962264150943, 0.10416666666666666)
_viz_config[cortex].pos=(0.7344814195304892, 0.37347007108014396)
_viz_config[cortex].size=(0.09433962264150943, 0.10416666666666666)
_viz_config[model].pos=(0.08570354416769879, 0.1167487462436947)
_viz_config[model].size=(0.8782488562869422, 0.8782488562869422)
_viz_config[model].expanded=True
_viz_config[model].has_layout=True