_viz_0 = nengo_gui.components.HTMLView(input_env)
_viz_config[_viz_0].label_visible = True
_viz_config[_viz_0].width = 0.27338821900622123
_viz_config[_viz_0].height = 0.543320276683673
_viz_config[_viz_0].y = 1.0578230857681084
_viz_config[_viz_0].x = 0.9594894102561196
_viz_net_graph = nengo_gui.components.NetGraph()
_viz_progress = nengo_gui.components.Progress()
_viz_config[_viz_progress].label_visible = True
_viz_config[_viz_progress].width = 100
_viz_config[_viz_progress].height = 100
_viz_config[_viz_progress].y = 0
_viz_config[_viz_progress].x = 0
_viz_sim_control = nengo_gui.components.SimControl()
_viz_config[_viz_sim_control].kept_time = 4.0
_viz_config[_viz_sim_control].shown_time = 0.5
_viz_config[basal_in_redis].pos=(1.6845019160278238, 0.18988285189270737)
_viz_config[basal_in_redis].size=(0.3645503791942064, 0.08014937414908088)
_viz_config[basal_out_redis].pos=(0.04402520965389489, -0.07060261409180524)
_viz_config[basal_out_redis].size=(0.3645503791942064, 0.08014937414908084)
_viz_config[central_in_redis].pos=(1.6845019160278238, -0.3511254236135882)
_viz_config[central_in_redis].size=(0.3645503791942064, 0.08014937414908084)
_viz_config[central_out_redis].pos=(0.04402520965389489, 0.4503683178772202)
_viz_config[central_out_redis].size=(0.3645503791942064, 0.08014937414908088)
_viz_config[fpv_input].pos=(1.6845019160278238, 0.7108537838617335)
_viz_config[fpv_input].size=(0.3645503791942064, 0.08014937414908084)
_viz_config[input_env].pos=(1.6845019160278238, 1.832945021948865)
_viz_config[input_env].size=(0.3645503791942064, 0.08014937414908084)
_viz_config[lateral_in_redis].pos=(1.6845019160278238, 1.2718994029052992)
_viz_config[lateral_in_redis].size=(0.3645503791942064, 0.08014937414908084)
_viz_config[lateral_redis_basal].pos=(0.04402520965389489, 0.18988285189270737)
_viz_config[lateral_redis_basal].size=(0.3645503791942064, 0.08014937414908088)
_viz_config[lateral_redis_central].pos=(0.04402520965389489, -0.6316482331353711)
_viz_config[lateral_redis_central].size=(0.3645503791942064, 0.08014937414908084)
_viz_config[low_stim].pos=(0.04402520965389489, 1.2718994029052992)
_viz_config[low_stim].size=(0.3645503791942064, 0.08014937414908084)
_viz_config[model].pos=(0.5742779789568935, 0.7785182058998128)
_viz_config[model].size=(0.35394904361291846, 0.35394904361291846)
_viz_config[model].expanded=True
_viz_config[model].has_layout=True
_viz_config[movement].pos=(1.6845019160278238, 0.4503683178772202)
_viz_config[movement].size=(0.3645503791942064, 0.08014937414908088)