_viz_config[RedisIn].pos=(0.2255820050223192, 0.14712812387376778)
_viz_config[RedisIn].size=(0.07843137254901959, 0.08695652173913043)
_viz_config[RedisOut_2_basal].pos=(0.8122589902137217, 0.4806367447239404)
_viz_config[RedisOut_2_basal].size=(0.1, 0.1)
_viz_config[RedisOut_2_central].pos=(0.8163606695535913, -0.4760138639995388)
_viz_config[RedisOut_2_central].size=(0.1, 0.12336787880446669)
_viz_0 = nengo_gui.components.Value(lateral)
_viz_config[_viz_0].max_value = 1
_viz_config[_viz_0].min_value = -1
_viz_config[_viz_0].show_legend = False
_viz_config[_viz_0].legend_labels = ['label_0']
_viz_config[_viz_0].synapse = 0.01
_viz_config[_viz_0].x = 1.3055363552370711
_viz_config[_viz_0].y = 0.38120399700343705
_viz_config[_viz_0].width = 0.31073816799905024
_viz_config[_viz_0].height = 0.6891132116466657
_viz_config[_viz_0].label_visible = True
_viz_net_graph = nengo_gui.components.NetGraph()
_viz_progress = nengo_gui.components.Progress()
_viz_config[_viz_progress].x = 0
_viz_config[_viz_progress].y = 0
_viz_config[_viz_progress].width = 100
_viz_config[_viz_progress].height = 100
_viz_config[_viz_progress].label_visible = True
_viz_sim_control = nengo_gui.components.SimControl()
_viz_config[_viz_sim_control].shown_time = 0.5
_viz_config[_viz_sim_control].kept_time = 4.0
_viz_config[lateral].pos=(0.5131697988296439, 0.07502469715276722)
_viz_config[lateral].size=(0.08781875327036374, 0.5374103197755032)
_viz_config[model].pos=(0.26305769993285144, 0.8539480862991556)
_viz_config[model].size=(0.45888679166088314, 0.45888679166088314)
_viz_config[model].expanded=True
_viz_config[model].has_layout=True